7 0
43 0
44 0
48 0
84 0
87 0
148 0
155 0
184 0
220 0
44 1
48 1
84 1
44 2
48 2
77 2
84 2
7 3
9 3
25 3
42 3
43 3
44 3
48 3
51 3
65 3
77 3
84 3
87 3
132 3
148 3
150 3
151 3
155 3
184 3
186 3
199 3
217 3
220 3
240 3
7 4
9 4
25 4
42 4
43 4
44 4
48 4
51 4
65 4
77 4
84 4
87 4
148 4
150 4
155 4
184 4
186 4
199 4
220 4
7 5
9 5
25 5
42 5
43 5
48 5
51 5
65 5
77 5
84 5
87 5
148 5
150 5
155 5
184 5
186 5
199 5
220 5
44 6
84 6
155 6
219 6
7 7
41 7
42 7
43 7
46 7
48 7
77 7
81 7
87 7
133 7
136 7
137 7
138 7
148 7
150 7
151 7
155 7
178 7
184 7
195 7
211 7
218 7
219 7
220 7
232 7
234 7
44 8
48 8
84 8
133 8
151 8
194 8
44 9
48 9
84 9
151 9
44 10
48 10
84 10
151 10
7 11
43 11
48 11
51 11
87 11
148 11
155 11
184 11
220 11
3 12
12 12
17 12
20 12
21 12
22 12
31 12
37 12
38 12
39 12
52 12
55 12
56 12
63 12
64 12
80 12
85 12
86 12
88 12
92 12
93 12
94 12
95 12
96 12
98 12
99 12
100 12
103 12
123 12
129 12
130 12
131 12
138 12
141 12
144 12
145 12
147 12
154 12
170 12
171 12
172 12
174 12
177 12
180 12
183 12
189 12
209 12
216 12
224 12
225 12
226 12
227 12
228 12
241 12
242 12
7 13
25 13
30 13
42 13
43 13
46 13
48 13
65 13
77 13
81 13
87 13
138 13
148 13
155 13
184 13
195 13
219 13
220 13
230 13
231 13
237 13
240 13
25 14
30 14
42 14
43 14
46 14
48 14
65 14
77 14
87 14
138 14
148 14
155 14
184 14
219 14
220 14
230 14
231 14
237 14
240 14
44 15
48 15
84 15
7 16
43 16
44 16
48 16
84 16
87 16
148 16
155 16
184 16
220 16
7 17
43 17
48 17
87 17
148 17
155 17
184 17
220 17
7 18
43 18
48 18
87 18
148 18
155 18
184 18
220 18
7 19
25 19
43 19
48 19
50 19
87 19
138 19
148 19
155 19
184 19
220 19
7 20
25 20
43 20
48 20
50 20
87 20
148 20
155 20
184 20
220 20
48 21
84 21
16 22
23 22
27 22
39 22
71 22
131 22
182 22
204 22
226 22
228 22
7 23
41 23
42 23
43 23
46 23
48 23
77 23
81 23
87 23
133 23
136 23
137 23
138 23
148 23
150 23
151 23
155 23
178 23
184 23
195 23
217 23
219 23
220 23
232 23
234 23
7 24
43 24
44 24
48 24
51 24
75 24
84 24
87 24
133 24
136 24
148 24
151 24
155 24
184 24
220 24
0 25
24 25
58 25
63 25
85 25
94 25
130 25
160 25
204 25
44 26
48 26
84 26
207 26
0 27
1 27
3 27
4 27
5 27
6 27
10 27
11 27
13 27
22 27
23 27
27 27
36 27
37 27
38 27
39 27
49 27
52 27
58 27
62 27
63 27
69 27
71 27
72 27
73 27
85 27
88 27
107 27
110 27
113 27
114 27
118 27
126 27
127 27
131 27
138 27
142 27
144 27
145 27
146 27
160 27
163 27
169 27
174 27
175 27
176 27
181 27
182 27
183 27
188 27
189 27
190 27
191 27
192 27
193 27
204 27
209 27
210 27
211 27
212 27
213 27
214 27
215 27
216 27
221 27
224 27
225 27
226 27
227 27
233 27
3 28
7 28
16 28
17 28
22 28
23 28
27 28
29 28
33 28
34 28
35 28
37 28
39 28
62 28
63 28
64 28
65 28
67 28
68 28
71 28
77 28
79 28
80 28
85 28
86 28
87 28
92 28
93 28
95 28
96 28
98 28
99 28
100 28
101 28
102 28
103 28
104 28
105 28
111 28
130 28
131 28
138 28
145 28
147 28
148 28
157 28
158 28
160 28
174 28
180 28
183 28
189 28
201 28
204 28
209 28
216 28
220 28
221 28
224 28
227 28
228 28
236 28
237 28
241 28
242 28
44 29
48 29
84 29
133 29
195 29
44 30
48 30
84 30
7 31
44 31
48 31
84 31
87 31
37 32
58 32
92 32
100 32
113 32
174 32
181 32
44 33
48 33
84 33
207 33
44 34
48 34
84 34
207 34
44 35
48 35
84 35
207 35
44 36
48 36
84 36
151 36
7 37
43 37
44 37
48 37
51 37
74 37
75 37
77 37
84 37
87 37
133 37
148 37
150 37
151 37
155 37
184 37
220 37
44 38
48 38
84 38
207 38
7 39
48 39
87 39
217 39
44 40
47 40
48 40
84 40
217 40
219 40
232 40
239 40
44 41
47 41
48 41
84 41
217 41
219 41
232 41
239 41
44 42
47 42
48 42
84 42
151 42
195 42
207 42
217 42
219 42
232 42
239 42
44 43
45 43
48 43
84 43
219 43
84 44
219 44
84 45
219 45
44 46
45 46
84 46
219 46
84 47
219 47
44 48
45 48
84 48
219 48
48 49
7 50
43 50
44 50
48 50
84 50
87 50
133 50
136 50
148 50
151 50
155 50
184 50
194 50
220 50
7 51
43 51
44 51
48 51
77 51
84 51
87 51
133 51
136 51
148 51
151 51
155 51
184 51
194 51
220 51
44 52
48 52
84 52
7 53
43 53
48 53
50 53
87 53
148 53
155 53
184 53
220 53
7 54
43 54
48 54
50 54
84 54
87 54
148 54
155 54
184 54
220 54
7 55
43 55
48 55
50 55
84 55
87 55
148 55
155 55
184 55
220 55
7 56
43 56
48 56
50 56
84 56
87 56
148 56
155 56
184 56
220 56
44 57
48 57
84 57
138 57
1 58
17 58
27 58
29 58
34 58
69 58
74 58
85 58
87 58
92 58
94 58
96 58
99 58
101 58
102 58
103 58
104 58
105 58
117 58
128 58
131 58
138 58
141 58
147 58
148 58
157 58
183 58
186 58
189 58
216 58
7 59
25 59
43 59
48 59
77 59
87 59
148 59
151 59
155 59
184 59
195 59
220 59
7 60
43 60
44 60
48 60
77 60
84 60
87 60
133 60
148 60
151 60
155 60
184 60
195 60
220 60
7 61
43 61
44 61
48 61
77 61
84 61
87 61
136 61
148 61
155 61
184 61
195 61
220 61
25 62
31 62
48 62
50 62
132 62
180 62
185 62
1 63
9 63
12 63
16 63
17 63
18 63
21 63
22 63
23 63
27 63
29 63
31 63
33 63
34 63
35 63
39 63
42 63
44 63
45 63
47 63
50 63
51 63
57 63
63 63
64 63
65 63
67 63
68 63
69 63
70 63
74 63
75 63
76 63
77 63
78 63
79 63
80 63
84 63
85 63
86 63
87 63
92 63
93 63
94 63
95 63
96 63
97 63
98 63
99 63
100 63
101 63
102 63
103 63
104 63
105 63
115 63
116 63
117 63
119 63
120 63
121 63
122 63
128 63
129 63
130 63
131 63
132 63
133 63
135 63
136 63
137 63
138 63
139 63
141 63
142 63
147 63
148 63
152 63
153 63
154 63
155 63
156 63
157 63
158 63
159 63
160 63
167 63
171 63
177 63
178 63
180 63
182 63
183 63
185 63
186 63
189 63
196 63
198 63
199 63
200 63
204 63
208 63
209 63
216 63
219 63
220 63
224 63
225 63
226 63
235 63
236 63
44 64
48 64
84 64
44 65
45 65
46 65
76 65
84 65
155 65
219 65
7 66
44 66
47 66
48 66
84 66
87 66
217 66
219 66
232 66
239 66
4 67
5 67
6 67
13 67
14 67
15 67
23 67
28 67
32 67
37 67
39 67
45 67
47 67
49 67
62 67
63 67
72 67
73 67
82 67
84 67
85 67
88 67
108 67
111 67
118 67
125 67
143 67
144 67
145 67
146 67
155 67
163 67
164 67
169 67
174 67
188 67
201 67
202 67
205 67
209 67
210 67
216 67
222 67
224 67
225 67
226 67
227 67
229 67
238 67
44 68
48 68
76 68
84 68
132 68
134 68
138 68
217 68
44 69
48 69
76 69
84 69
132 69
134 69
138 69
217 69
43 70
44 70
48 70
84 70
87 70
148 70
155 70
184 70
220 70
7 71
43 71
44 71
48 71
77 71
84 71
87 71
148 71
155 71
184 71
217 71
220 71
16 72
23 72
27 72
29 72
33 72
34 72
35 72
37 72
38 72
39 72
45 72
53 72
63 72
67 72
68 72
71 72
87 72
92 72
94 72
96 72
97 72
99 72
100 72
101 72
102 72
104 72
105 72
129 72
130 72
131 72
141 72
147 72
152 72
182 72
183 72
189 72
204 72
216 72
226 72
228 72
235 72
236 72
7 73
75 73
92 73
25 74
42 74
48 74
94 74
119 74
120 74
121 74
122 74
44 75
48 75
84 75
151 75
194 75
44 76
48 76
84 76
151 76
194 76
44 77
84 77
151 77
44 78
48 78
84 78
151 78
194 78
7 79
43 79
44 79
48 79
84 79
87 79
148 79
155 79
184 79
220 79
7 80
43 80
44 80
48 80
84 80
87 80
148 80
155 80
184 80
220 80
7 81
43 81
44 81
48 81
84 81
87 81
148 81
155 81
184 81
220 81
44 82
45 82
47 82
48 82
84 82
194 82
219 82
11 83
36 83
37 83
39 83
55 83
58 83
85 83
113 83
145 83
169 83
174 83
175 83
176 83
181 83
224 83
225 83
227 83
44 84
48 84
84 84
132 84
149 84
0 85
1 85
2 85
5 85
7 85
10 85
11 85
16 85
17 85
22 85
23 85
27 85
29 85
33 85
34 85
35 85
39 85
42 85
50 85
57 85
63 85
67 85
68 85
69 85
74 85
77 85
79 85
80 85
84 85
85 85
86 85
87 85
92 85
93 85
94 85
95 85
96 85
98 85
99 85
100 85
101 85
102 85
103 85
104 85
105 85
115 85
117 85
128 85
129 85
130 85
131 85
132 85
133 85
135 85
136 85
138 85
144 85
145 85
147 85
148 85
157 85
158 85
160 85
174 85
177 85
180 85
182 85
183 85
184 85
186 85
188 85
189 85
204 85
209 85
216 85
221 85
224 85
225 85
227 85
228 85
235 85
236 85
237 85
241 85
242 85
7 86
43 86
44 86
48 86
84 86
87 86
148 86
155 86
184 86
220 86
84 87
25 88
48 88
132 88
185 88
25 89
48 89
132 89
185 89
7 90
43 90
48 90
87 90
148 90
155 90
184 90
220 90
7 91
43 91
48 91
87 91
148 91
155 91
184 91
220 91
44 92
48 92
50 92
84 92
133 92
136 92
150 92
194 92
217 92
232 92
7 93
25 93
43 93
44 93
48 93
50 93
77 93
84 93
87 93
132 93
133 93
134 93
136 93
140 93
148 93
150 93
155 93
162 93
184 93
194 93
207 93
217 93
220 93
232 93
7 94
18 94
43 94
44 94
46 94
48 94
50 94
84 94
87 94
133 94
136 94
148 94
150 94
155 94
184 94
194 94
217 94
220 94
232 94
7 95
43 95
44 95
46 95
48 95
50 95
84 95
87 95
133 95
136 95
148 95
150 95
155 95
184 95
194 95
217 95
220 95
232 95
7 96
25 96
43 96
44 96
46 96
48 96
50 96
77 96
84 96
87 96
132 96
133 96
136 96
148 96
149 96
150 96
151 96
155 96
184 96
194 96
217 96
220 96
232 96
44 97
48 97
50 97
84 97
133 97
136 97
150 97
194 97
217 97
232 97
44 98
48 98
50 98
84 98
133 98
136 98
150 98
194 98
217 98
232 98
44 99
48 99
50 99
84 99
132 99
133 99
136 99
150 99
194 99
217 99
232 99
44 100
48 100
50 100
84 100
133 100
134 100
136 100
150 100
194 100
217 100
232 100
7 101
43 101
44 101
48 101
77 101
84 101
87 101
141 101
148 101
155 101
184 101
195 101
220 101
7 102
43 102
44 102
48 102
77 102
84 102
87 102
132 102
141 102
148 102
155 102
184 102
195 102
220 102
7 103
40 103
43 103
48 103
87 103
141 103
148 103
155 103
184 103
195 103
220 103
44 104
48 104
84 104
141 104
185 104
195 104
7 105
43 105
44 105
48 105
84 105
87 105
141 105
148 105
155 105
184 105
195 105
220 105
7 106
41 106
42 106
43 106
44 106
46 106
48 106
77 106
81 106
84 106
87 106
134 106
148 106
155 106
184 106
194 106
195 106
217 106
219 106
220 106
232 106
7 107
41 107
43 107
44 107
46 107
48 107
81 107
84 107
87 107
134 107
148 107
155 107
184 107
194 107
195 107
217 107
219 107
220 107
232 107
240 107
65 108
85 108
86 108
92 108
99 108
183 108
216 108
7 109
43 109
44 109
46 109
48 109
84 109
87 109
148 109
155 109
184 109
194 109
219 109
220 109
7 110
43 110
44 110
46 110
48 110
84 110
87 110
148 110
155 110
184 110
194 110
195 110
219 110
220 110
3 111
10 111
16 111
17 111
27 111
29 111
33 111
34 111
35 111
39 111
57 111
63 111
67 111
68 111
77 111
79 111
85 111
92 111
93 111
95 111
96 111
101 111
102 111
104 111
105 111
130 111
131 111
132 111
138 111
142 111
157 111
183 111
199 111
204 111
209 111
216 111
224 111
225 111
226 111
236 111
237 111
7 112
9 112
43 112
48 112
84 112
87 112
138 112
141 112
148 112
155 112
184 112
199 112
220 112
44 113
48 113
84 113
200 113
44 114
48 114
84 114
136 114
200 114
7 115
43 115
44 115
48 115
77 115
84 115
87 115
132 115
136 115
137 115
148 115
151 115
155 115
184 115
220 115
7 116
25 116
43 116
48 116
50 116
77 116
87 116
136 116
137 116
148 116
151 116
155 116
184 116
220 116
7 117
25 117
43 117
44 117
48 117
77 117
84 117
87 117
136 117
137 117
148 117
151 117
155 117
184 117
220 117
23 118
35 118
36 118
52 118
71 118
96 118
98 118
99 118
104 118
131 118
138 118
182 118
226 118
228 118
7 119
43 119
48 119
87 119
133 119
148 119
151 119
155 119
184 119
220 119
7 120
43 120
48 120
87 120
133 120
148 120
151 120
155 120
184 120
220 120
7 121
43 121
46 121
48 121
87 121
133 121
148 121
151 121
155 121
184 121
220 121
7 122
43 122
48 122
77 122
87 122
133 122
148 122
151 122
155 122
184 122
220 122
0 123
7 123
30 123
42 123
43 123
46 123
48 123
77 123
81 123
87 123
109 123
110 123
133 123
134 123
135 123
136 123
148 123
150 123
155 123
158 123
161 123
173 123
177 123
184 123
194 123
195 123
199 123
217 123
219 123
220 123
230 123
232 123
237 123
7 124
43 124
44 124
46 124
48 124
75 124
81 124
84 124
87 124
148 124
155 124
184 124
195 124
220 124
12 125
17 125
20 125
21 125
29 125
41 125
57 125
77 125
79 125
85 125
89 125
93 125
95 125
96 125
98 125
100 125
103 125
104 125
115 125
117 125
122 125
128 125
138 125
145 125
147 125
154 125
159 125
166 125
167 125
171 125
177 125
178 125
180 125
186 125
189 125
209 125
216 125
224 125
226 125
227 125
228 125
235 125
237 125
241 125
242 125
44 126
48 126
84 126
44 127
48 127
84 127
25 128
48 128
51 128
7 129
25 129
43 129
48 129
87 129
148 129
155 129
220 129
44 130
48 130
84 130
195 130
44 131
48 131
84 131
44 132
48 132
77 132
84 132
194 132
44 133
48 133
77 133
84 133
194 133
44 134
48 134
77 134
84 134
194 134
44 135
48 135
77 135
84 135
140 135
194 135
44 136
48 136
77 136
84 136
194 136
7 137
43 137
44 137
48 137
77 137
84 137
87 137
148 137
155 137
184 137
194 137
220 137
44 138
48 138
77 138
84 138
194 138
44 139
48 139
75 139
77 139
84 139
7 140
43 140
44 140
48 140
75 140
77 140
84 140
87 140
133 140
136 140
148 140
155 140
184 140
220 140
44 141
48 141
84 141
132 141
7 142
43 142
44 142
48 142
84 142
87 142
136 142
148 142
155 142
184 142
207 142
220 142
0 143
3 143
6 143
8 143
12 143
13 143
14 143
15 143
17 143
20 143
21 143
22 143
23 143
24 143
26 143
28 143
32 143
37 143
38 143
39 143
41 143
42 143
52 143
53 143
54 143
56 143
58 143
59 143
60 143
61 143
62 143
63 143
66 143
72 143
79 143
80 143
82 143
85 143
88 143
90 143
91 143
93 143
94 143
95 143
100 143
103 143
106 143
107 143
108 143
109 143
111 143
112 143
117 143
118 143
119 143
121 143
122 143
123 143
124 143
131 143
136 143
142 143
144 143
145 143
147 143
154 143
156 143
158 143
159 143
161 143
163 143
164 143
165 143
166 143
168 143
170 143
171 143
172 143
173 143
174 143
175 143
176 143
177 143
178 143
180 143
183 143
186 143
187 143
202 143
205 143
206 143
209 143
210 143
216 143
217 143
224 143
225 143
226 143
229 143
233 143
235 143
238 143
239 143
242 143
243 143
7 144
43 144
44 144
48 144
77 144
84 144
87 144
148 144
155 144
184 144
220 144
7 145
42 145
43 145
44 145
48 145
51 145
83 145
84 145
87 145
92 145
132 145
148 145
151 145
155 145
184 145
220 145
7 146
43 146
44 146
48 146
84 146
87 146
148 146
155 146
184 146
194 146
220 146
240 146
7 147
42 147
43 147
44 147
48 147
75 147
81 147
84 147
87 147
148 147
155 147
184 147
220 147
44 148
45 148
48 148
84 148
219 148
44 149
48 149
84 149
151 149
44 150
48 150
84 150
151 150
194 150
44 151
48 151
84 151
151 151
194 151
7 152
43 152
44 152
48 152
84 152
87 152
136 152
148 152
155 152
184 152
220 152
7 153
43 153
44 153
48 153
84 153
87 153
136 153
148 153
155 153
184 153
220 153
7 154
25 154
41 154
43 154
44 154
48 154
77 154
84 154
87 154
136 154
137 154
148 154
151 154
155 154
184 154
220 154
44 155
45 155
48 155
84 155
219 155
7 156
43 156
44 156
48 156
77 156
84 156
87 156
136 156
137 156
148 156
151 156
155 156
184 156
220 156
7 157
9 157
30 157
75 157
77 157
87 157
95 157
96 157
100 157
103 157
132 157
133 157
136 157
137 157
138 157
139 157
148 157
157 157
158 157
162 157
177 157
178 157
194 157
195 157
199 157
209 157
217 157
220 157
40 158
44 158
48 158
77 158
84 158
194 158
217 158
7 159
43 159
44 159
48 159
84 159
87 159
148 159
150 159
155 159
184 159
220 159
44 160
45 160
46 160
48 160
84 160
7 161
43 161
44 161
46 161
47 161
48 161
84 161
148 161
155 161
184 161
217 161
219 161
220 161
232 161
239 161
44 162
48 162
84 162
136 162
7 163
25 163
42 163
43 163
48 163
87 163
94 163
119 163
120 163
121 163
122 163
148 163
150 163
155 163
184 163
220 163
16 164
17 164
23 164
27 164
29 164
34 164
35 164
37 164
62 164
63 164
71 164
86 164
92 164
94 164
96 164
98 164
99 164
100 164
101 164
102 164
104 164
105 164
117 164
129 164
131 164
141 164
144 164
147 164
167 164
169 164
174 164
180 164
182 164
209 164
216 164
226 164
227 164
228 164
235 164
7 165
43 165
48 165
65 165
87 165
148 165
155 165
184 165
220 165
7 166
43 166
48 166
65 166
87 166
148 166
155 166
184 166
220 166
48 167
65 167
7 168
43 168
44 168
46 168
48 168
81 168
84 168
87 168
134 168
136 168
148 168
155 168
184 168
194 168
195 168
217 168
219 168
220 168
25 169
48 169
94 169
119 169
120 169
121 169
122 169
43 170
44 170
48 170
84 170
148 170
151 170
155 170
184 170
194 170
220 170
7 171
43 171
44 171
48 171
84 171
87 171
148 171
155 171
184 171
220 171
7 172
43 172
48 172
84 172
87 172
148 172
155 172
184 172
220 172
14 173
15 173
26 173
28 173
32 173
63 173
108 173
111 173
164 173
174 173
238 173
243 173
7 174
43 174
44 174
48 174
84 174
87 174
148 174
155 174
184 174
195 174
217 174
219 174
220 174
0 175
3 175
5 175
7 175
12 175
17 175
20 175
21 175
22 175
23 175
27 175
29 175
32 175
33 175
34 175
35 175
39 175
52 175
53 175
54 175
55 175
56 175
63 175
65 175
73 175
78 175
79 175
80 175
81 175
85 175
86 175
92 175
93 175
94 175
95 175
96 175
98 175
99 175
100 175
101 175
102 175
103 175
104 175
105 175
106 175
107 175
109 175
115 175
117 175
124 175
129 175
131 175
138 175
141 175
145 175
147 175
153 175
154 175
157 175
160 175
166 175
168 175
169 175
172 175
174 175
177 175
178 175
179 175
180 175
182 175
183 175
186 175
201 175
209 175
216 175
224 175
225 175
226 175
227 175
228 175
235 175
241 175
44 176
48 176
84 176
44 177
48 177
84 177
7 178
43 178
44 178
48 178
77 178
84 178
87 178
155 178
184 178
220 178
44 179
48 179
84 179
207 179
92 180
7 181
25 181
42 181
43 181
44 181
48 181
77 181
83 181
84 181
87 181
132 181
136 181
148 181
155 181
184 181
220 181
39 182
235 182
44 183
48 183
84 183
44 184
48 184
84 184
44 185
45 185
48 185
84 185
219 185
7 186
43 186
44 186
48 186
84 186
87 186
148 186
155 186
184 186
220 186
7 187
43 187
44 187
48 187
77 187
84 187
87 187
136 187
137 187
148 187
151 187
155 187
184 187
220 187
17 188
23 188
85 188
87 188
92 188
93 188
96 188
98 188
100 188
103 188
130 188
138 188
147 188
148 188
189 188
209 188
241 188
7 189
25 189
43 189
48 189
87 189
94 189
119 189
120 189
121 189
122 189
148 189
155 189
184 189
220 189
42 190
44 190
48 190
51 190
75 190
77 190
84 190
133 190
134 190
136 190
139 190
148 190
150 190
151 190
217 190
42 191
44 191
48 191
51 191
75 191
77 191
84 191
133 191
134 191
136 191
139 191
148 191
150 191
151 191
217 191
7 192
42 192
43 192
44 192
48 192
51 192
75 192
77 192
84 192
87 192
133 192
134 192
136 192
139 192
150 192
151 192
155 192
184 192
217 192
220 192
42 193
43 193
44 193
48 193
51 193
75 193
77 193
84 193
133 193
134 193
136 193
139 193
150 193
151 193
155 193
184 193
217 193
220 193
42 194
44 194
48 194
51 194
75 194
77 194
84 194
132 194
133 194
134 194
136 194
139 194
148 194
150 194
151 194
217 194
44 195
45 195
47 195
48 195
84 195
194 195
219 195
44 196
45 196
47 196
48 196
84 196
194 196
219 196
44 197
48 197
84 197
133 197
7 198
43 198
44 198
48 198
84 198
87 198
133 198
148 198
155 198
184 198
220 198
19 199
48 199
133 199
44 200
48 200
65 200
84 200
132 200
133 200
7 201
43 201
46 201
48 201
87 201
133 201
148 201
155 201
184 201
220 201
27 202
76 202
85 202
87 202
135 202
136 202
138 202
148 202
194 202
209 202
0 203
1 203
3 203
11 203
23 203
37 203
52 203
54 203
56 203
85 203
98 203
114 203
174 203
175 203
176 203
181 203
224 203
226 203
84 204
47 205
76 205
84 205
2 206
3 206
11 206
23 206
36 206
37 206
52 206
54 206
85 206
174 206
175 206
176 206
181 206
193 206
211 206
30 207
44 207
47 207
48 207
84 207
87 207
195 207
217 207
219 207
232 207
239 207
44 208
47 208
48 208
84 208
217 208
219 208
232 208
239 208
7 209
43 209
44 209
48 209
87 209
133 209
148 209
151 209
155 209
184 209
194 209
220 209
232 209
2 210
3 210
7 210
9 210
11 210
12 210
16 210
17 210
21 210
25 210
27 210
29 210
31 210
35 210
37 210
39 210
41 210
42 210
45 210
50 210
51 210
53 210
55 210
56 210
57 210
64 210
65 210
70 210
74 210
75 210
77 210
78 210
79 210
80 210
85 210
86 210
87 210
92 210
93 210
94 210
95 210
96 210
98 210
99 210
100 210
101 210
102 210
103 210
115 210
116 210
117 210
119 210
120 210
121 210
122 210
129 210
131 210
132 210
133 210
135 210
137 210
138 210
141 210
142 210
144 210
145 210
147 210
151 210
153 210
154 210
155 210
156 210
157 210
158 210
159 210
166 210
167 210
168 210
170 210
171 210
177 210
178 210
180 210
183 210
184 210
185 210
186 210
189 210
194 210
195 210
196 210
197 210
198 210
199 210
200 210
208 210
209 210
216 210
220 210
223 210
224 210
225 210
226 210
227 210
228 210
230 210
232 210
235 210
240 210
241 210
7 211
17 211
27 211
34 211
35 211
63 211
65 211
80 211
86 211
92 211
94 211
95 211
96 211
99 211
100 211
102 211
103 211
104 211
141 211
147 211
180 211
183 211
7 212
40 212
42 212
43 212
44 212
48 212
51 212
74 212
75 212
77 212
84 212
87 212
133 212
134 212
136 212
150 212
151 212
155 212
184 212
217 212
220 212
40 213
42 213
44 213
48 213
51 213
74 213
75 213
77 213
84 213
133 213
134 213
136 213
148 213
150 213
151 213
217 213
7 214
40 214
42 214
43 214
44 214
48 214
51 214
74 214
75 214
77 214
84 214
87 214
133 214
134 214
136 214
148 214
150 214
151 214
155 214
184 214
217 214
220 214
40 215
42 215
44 215
48 215
51 215
74 215
75 215
77 215
84 215
133 215
134 215
136 215
150 215
151 215
217 215
40 216
42 216
44 216
48 216
51 216
74 216
75 216
77 216
84 216
133 216
134 216
136 216
150 216
151 216
217 216
7 217
43 217
48 217
51 217
87 217
132 217
148 217
155 217
160 217
184 217
220 217
44 218
48 218
84 218
219 218
44 219
48 219
84 219
217 219
219 219
84 220
44 221
45 221
48 221
84 221
219 221
76 222
77 222
85 222
87 222
132 222
136 222
138 222
148 222
204 222
209 222
2 223
3 223
11 223
23 223
36 223
37 223
39 223
52 223
58 223
63 223
71 223
85 223
92 223
113 223
114 223
138 223
144 223
174 223
175 223
176 223
181 223
183 223
189 223
192 223
193 223
204 223
214 223
215 223
227 223
7 224
42 224
44 224
46 224
47 224
77 224
81 224
84 224
87 224
95 224
136 224
138 224
148 224
151 224
158 224
177 224
178 224
218 224
219 224
223 224
228 224
232 224
7 225
25 225
43 225
44 225
48 225
77 225
84 225
87 225
133 225
148 225
150 225
151 225
155 225
184 225
220 225
7 226
25 226
43 226
48 226
77 226
87 226
148 226
151 226
155 226
184 226
220 226
7 227
25 227
42 227
43 227
48 227
77 227
87 227
148 227
150 227
151 227
155 227
184 227
220 227
7 228
25 228
43 228
48 228
77 228
87 228
148 228
151 228
155 228
184 228
220 228
16 229
17 229
18 229
27 229
29 229
30 229
31 229
35 229
42 229
50 229
51 229
64 229
65 229
75 229
77 229
79 229
85 229
86 229
92 229
95 229
96 229
98 229
100 229
101 229
104 229
105 229
117 229
119 229
121 229
122 229
132 229
133 229
138 229
141 229
147 229
152 229
153 229
158 229
180 229
185 229
196 229
198 229
204 229
208 229
209 229
23 230
27 230
37 230
52 230
63 230
71 230
85 230
142 230
144 230
174 230
175 230
176 230
189 230
204 230
211 230
225 230
226 230
227 230
7 231
43 231
44 231
48 231
84 231
87 231
148 231
155 231
184 231
195 231
217 231
219 231
220 231
1 232
2 232
3 232
6 232
11 232
27 232
36 232
37 232
39 232
52 232
54 232
55 232
82 232
113 232
142 232
144 232
145 232
169 232
175 232
176 232
189 232
193 232
205 232
211 232
215 232
224 232
225 232
226 232
227 232
229 232
43 233
44 233
48 233
77 233
84 233
137 233
148 233
155 233
184 233
217 233
220 233
44 234
48 234
77 234
84 234
137 234
151 234
217 234
7 235
43 235
44 235
48 235
77 235
84 235
87 235
137 235
148 235
155 235
184 235
217 235
220 235
12 236
17 236
20 236
53 236
56 236
80 236
85 236
93 236
99 236
100 236
103 236
138 236
145 236
147 236
180 236
209 236
227 236
228 236
235 236
44 237
84 237
219 237
7 238
25 238
43 238
48 238
87 238
148 238
151 238
155 238
184 238
185 238
195 238
220 238
44 239
47 239
48 239
84 239
217 239
219 239
232 239
239 239
44 240
47 240
48 240
84 240
219 240
232 240
239 240
2 241
3 241
11 241
23 241
27 241
37 241
39 241
54 241
85 241
113 241
131 241
174 241
175 241
176 241
182 241
183 241
216 241
224 241
225 241
44 242
48 242
84 242
195 242
217 242
219 242
239 242
44 243
48 243
84 243
195 243
217 243
219 243
239 243
7 244
43 244
44 244
48 244
84 244
87 244
148 244
155 244
184 244
195 244
220 244
7 245
43 245
48 245
87 245
148 245
155 245
184 245
195 245
220 245
13 246
17 246
24 246
26 246
32 246
63 246
82 246
101 246
111 246
142 246
164 246
174 246
181 246
189 246
202 246
203 246
205 246
209 246
223 246
225 246
228 246
229 246
238 246
