0 0
3 0
6 0
9 0
10 0
11 0
14 0
15 0
18 0
23 0
24 0
27 0
37 0
38 0
0 2
2 2
3 2
6 2
8 2
9 2
10 2
11 2
12 2
13 2
14 2
15 2
18 2
19 2
23 2
25 2
26 2
27 2
32 2
35 2
37 2
38 2
39 2
40 2
41 2
3 3
4 3
9 3
10 3
11 3
12 3
13 3
14 3
19 3
26 3
29 3
31 3
32 3
35 3
38 3
42 3
3 4
4 4
9 4
10 4
12 4
13 4
14 4
15 4
19 4
27 4
29 4
31 4
32 4
35 4
38 4
39 4
40 4
42 4
0 5
3 5
6 5
8 5
9 5
14 5
15 5
18 5
23 5
24 5
31 5
38 5
40 5
3 6
4 6
9 6
10 6
11 6
12 6
13 6
14 6
19 6
31 6
32 6
35 6
39 6
40 6
42 6
0 7
15 7
18 7
23 7
38 7
0 8
10 8
18 8
6 9
18 9
14 10
18 10
31 10
38 10
0 11
3 11
6 11
8 11
9 11
10 11
11 11
12 11
13 11
14 11
15 11
19 11
21 11
23 11
25 11
26 11
29 11
31 11
32 11
35 11
38 11
40 11
42 11
0 12
2 12
6 12
14 12
15 12
18 12
38 12
0 13
2 13
6 13
15 13
19 13
29 13
38 13
40 13
0 14
15 14
38 14
40 14
4 15
5 15
7 15
12 15
28 15
29 15
32 15
34 15
35 15
39 15
43 15
20 16
26 16
37 16
38 16
0 18
2 18
6 18
9 18
15 18
18 18
19 18
23 18
38 18
40 18
9 19
10 19
14 19
20 19
26 19
27 19
32 19
0 20
6 20
10 20
14 20
15 20
18 20
19 20
37 20
38 20
26 21
37 21
0 22
2 22
3 22
6 22
15 22
19 22
23 22
38 22
0 24
6 24
15 24
23 24
38 24
0 26
10 26
15 26
18 26
24 26
37 26
38 26
0 27
3 27
6 27
8 27
9 27
10 27
12 27
13 27
14 27
15 27
19 27
21 27
23 27
25 27
27 27
31 27
32 27
35 27
37 27
38 27
39 27
40 27
41 27
42 27
10 28
18 28
19 28
38 28
1 29
3 29
4 29
9 29
12 29
14 29
19 29
20 29
28 29
31 29
32 29
35 29
36 29
41 29
42 29
43 29
10 30
14 31
15 31
4 32
7 32
9 32
20 32
28 32
30 32
34 32
36 32
39 32
43 32
4 33
9 33
10 33
12 33
13 33
14 33
15 33
19 33
27 33
29 33
31 33
32 33
35 33
38 33
39 33
40 33
42 33
0 34
2 34
3 34
11 34
13 34
14 34
15 34
18 34
23 34
31 34
38 34
40 34
0 35
3 35
6 35
11 35
15 35
18 35
19 35
24 35
37 35
38 35
37 36
6 37
15 37
38 37
0 38
2 38
3 38
6 38
8 38
9 38
10 38
11 38
12 38
13 38
14 38
15 38
18 38
19 38
21 38
23 38
24 38
25 38
27 38
29 38
31 38
32 38
35 38
38 38
39 38
40 38
41 38
42 38
0 40
3 40
6 40
8 40
12 40
13 40
14 40
15 40
18 40
19 40
23 40
25 40
32 40
35 40
38 40
39 40
41 40
0 41
2 41
3 41
6 41
8 41
9 41
10 41
12 41
13 41
14 41
15 41
18 41
19 41
21 41
23 41
25 41
27 41
31 41
40 41
42 41
0 42
3 42
6 42
8 42
9 42
10 42
11 42
12 42
13 42
14 42
15 42
19 42
21 42
23 42
25 42
27 42
29 42
31 42
35 42
38 42
39 42
40 42
41 42
42 42
