24 0
38 0
41 0
5 1
7 1
8 1
9 1
10 1
19 1
23 1
27 1
28 1
34 1
36 1
37 1
39 1
5 2
7 2
8 2
9 2
19 2
22 2
23 2
30 2
16 3
0 4
32 5
3 6
17 6
25 6
29 6
30 6
31 6
0 7
14 7
21 7
25 7
27 7
28 7
30 7
31 7
33 7
34 7
35 7
37 7
40 7
0 8
3 8
6 8
25 8
27 8
28 8
30 8
31 8
33 8
37 8
2 9
5 9
7 9
8 9
9 9
10 9
19 9
21 9
23 9
24 9
25 9
27 9
29 9
31 9
34 9
0 10
14 10
21 10
25 10
27 10
28 10
30 10
31 10
33 10
34 10
37 10
40 10
3 11
12 12
13 13
32 13
6 14
10 14
17 14
18 14
20 14
25 14
31 14
36 14
0 15
4 15
28 15
31 15
35 15
3 16
4 16
6 16
12 16
16 16
25 16
33 16
14 17
28 17
35 17
12 18
33 18
21 19
22 19
34 19
5 20
7 20
9 20
14 20
19 20
21 20
22 20
27 20
28 20
30 20
31 20
34 20
37 20
10 21
11 21
17 21
18 21
20 21
25 21
26 21
31 21
36 21
5 22
7 22
8 22
9 22
22 22
23 22
30 22
24 23
38 23
41 23
3 24
4 24
6 24
14 24
16 24
31 24
33 24
3 25
29 25
30 25
0 26
1 26
22 26
24 26
30 26
38 26
41 26
12 27
15 27
21 27
4 28
33 28
0 29
3 29
25 29
27 29
28 29
31 29
33 29
37 29
0 30
4 30
12 30
16 30
28 30
35 30
37 30
32 31
12 32
13 32
16 32
32 32
33 32
4 33
12 33
33 33
0 34
6 34
12 34
13 34
15 34
21 34
33 34
35 34
14 35
17 35
25 35
30 35
0 36
3 36
27 36
31 36
33 36
37 36
14 37
21 37
27 37
28 37
34 37
35 37
37 37
39 37
