0 0
5 0
6 0
12 0
13 0
24 0
27 0
0 1
6 1
5 2
10 2
12 2
13 2
14 2
17 2
18 2
20 2
25 2
26 2
28 2
3 3
5 3
9 3
10 3
11 3
12 3
13 3
14 3
16 3
18 3
19 3
20 3
25 3
26 3
28 3
30 3
31 3
5 4
6 4
5 5
6 5
7 6
6 7
5 8
24 8
0 9
5 9
1 10
2 10
5 10
10 10
12 10
13 10
14 10
17 10
18 10
19 10
20 10
21 10
26 10
30 10
5 11
24 11
1 12
7 12
0 13
6 13
24 13
1 14
11 14
12 14
13 14
19 14
20 14
21 14
26 14
29 14
1 15
6 15
0 17
2 17
27 17
0 18
5 18
7 18
27 18
0 19
1 19
5 19
6 19
12 19
13 19
5 20
24 20
27 20
3 21
10 21
16 21
20 21
28 21
1 22
8 22
9 22
12 22
13 22
14 22
18 22
20 22
25 22
26 22
29 22
31 22
6 23
6 24
7 24
27 24
5 25
7 25
24 25
6 26
27 26
1 27
6 27
0 28
6 28
24 28
24 29
1 30
2 30
5 30
8 30
10 30
17 30
19 30
20 30
26 30
30 30
