19 0
3 1
0 2
2 2
3 2
11 2
19 3
1 4
8 4
9 4
14 4
15 4
16 4
17 4
18 4
24 4
19 5
3 6
2 7
4 7
5 7
7 7
10 7
12 7
13 7
15 7
20 7
21 7
23 7
25 7
0 8
2 8
4 8
5 8
6 8
9 8
18 8
20 8
21 8
22 8
3 9
11 9
12 9
19 9
0 10
3 10
7 10
11 10
12 10
0 11
2 11
5 11
6 11
9 11
12 11
15 11
18 11
20 11
21 11
22 11
25 11
0 12
2 12
3 12
5 12
7 12
10 12
11 12
19 12
21 12
22 12
5 13
18 13
18 14
22 14
8 15
9 15
14 15
15 15
20 15
23 15
24 15
25 15
11 16
19 16
0 17
0 18
2 18
6 18
7 18
10 18
11 18
12 18
19 18
22 18
23 18
12 19
22 19
4 20
12 20
19 20
0 21
2 21
5 21
6 21
7 21
10 21
11 21
12 21
22 21
2 22
4 22
5 22
7 22
8 22
10 22
12 22
13 22
15 22
20 22
21 22
23 22
25 22
6 23
11 23
