1 0
4 0
8 0
12 0
13 0
14 0
16 0
18 0
19 0
21 0
22 0
26 0
29 0
30 0
0 1
4 1
6 1
13 1
14 1
18 1
20 1
22 1
23 1
25 1
27 1
28 1
31 1
32 1
0 2
25 2
32 2
5 3
8 3
11 3
13 3
14 3
15 3
16 3
17 3
19 3
22 3
24 3
26 3
33 3
6 4
27 4
0 5
1 6
3 6
5 6
8 6
10 6
11 6
12 6
13 6
14 6
15 6
16 6
17 6
19 6
22 6
24 6
26 6
33 6
34 6
35 6
25 7
7 8
28 8
25 9
20 10
31 10
32 10
28 11
0 12
1 13
2 13
4 13
8 13
11 13
13 13
14 13
15 13
16 13
17 13
18 13
19 13
21 13
22 13
26 13
34 13
22 14
23 14
1 15
7 15
25 15
28 16
2 17
27 17
31 17
32 17
0 18
6 18
31 18
32 18
0 19
4 19
6 19
7 19
22 19
23 19
31 19
0 20
1 20
13 20
14 20
20 20
28 20
31 20
32 20
20 21
25 21
23 22
27 22
3 23
11 23
19 23
1 24
5 24
9 24
10 24
13 24
14 24
15 24
16 24
17 24
19 24
22 24
24 24
26 24
29 24
30 24
33 24
35 24
6 25
31 26
32 26
7 27
20 27
23 27
27 27
28 27
31 27
32 27
20 28
31 28
7 29
31 29
32 29
27 30
20 31
28 32
0 33
20 33
6 34
22 34
23 34
25 34
31 34
23 35
6 36
22 37
1 38
2 38
8 38
9 38
11 38
16 38
18 38
19 38
22 38
26 38
34 38
