0 0
1 0
6 0
8 0
9 0
10 0
11 0
14 0
20 0
23 0
25 0
26 0
28 0
29 0
4 1
11 1
28 1
29 1
0 2
1 2
4 2
6 2
8 2
9 2
14 2
17 2
20 2
23 2
24 2
26 2
7 3
11 3
14 3
28 3
29 3
0 4
5 4
8 4
11 4
14 4
20 4
26 4
28 4
29 4
0 5
7 5
11 5
18 5
28 5
29 5
0 6
5 6
7 6
11 6
14 6
26 6
28 6
29 6
8 7
10 7
11 7
14 7
15 7
28 7
29 7
10 8
11 8
12 8
15 8
18 8
19 8
28 8
29 8
4 9
11 9
18 9
28 9
29 9
0 10
1 10
4 10
7 10
8 10
10 10
11 10
14 10
16 10
23 10
25 10
26 10
1 11
2 11
3 11
4 11
11 11
14 11
18 11
26 11
28 11
29 11
4 12
11 12
18 12
28 12
29 12
4 13
5 13
11 13
14 13
15 13
18 13
28 13
29 13
4 14
7 14
11 14
18 14
20 14
28 14
29 14
1 15
3 15
6 15
9 15
10 15
11 15
13 15
14 15
15 15
16 15
25 15
27 15
28 15
0 16
3 16
7 16
8 16
11 16
12 16
16 16
18 16
29 16
4 17
11 17
18 17
20 17
28 17
29 17
0 18
1 18
5 18
6 18
7 18
8 18
15 18
16 18
20 18
21 18
22 18
23 18
26 18
27 18
28 18
1 19
3 19
10 19
12 19
14 19
23 19
4 20
11 20
18 20
23 20
28 20
29 20
3 21
6 21
8 21
10 21
12 21
13 21
14 21
15 21
23 21
25 21
28 21
1 22
2 22
3 22
6 22
8 22
10 22
11 22
12 22
13 22
14 22
15 22
16 22
19 22
23 22
24 22
26 22
4 23
7 23
10 23
11 23
14 23
16 23
23 23
26 23
28 23
0 24
1 24
2 24
6 24
7 24
11 24
14 24
18 24
23 24
28 24
11 25
14 25
18 25
29 25
